192607   1.09   0.88  -0.13   5.57   1.91   2.01
192608   0.78   1.47   5.44   2.73   2.70   5.68
192609  -2.80  -0.06  -0.44   1.48   0.10  -0.79
192610  -4.03  -4.36  -2.01  -3.63  -2.35  -4.00
192611   3.30   3.62   2.09   3.21   2.93   3.20
192612   2.56   1.78   3.27   2.90   2.62   2.31
192701  -0.81  -0.29   3.99  -0.26   0.03   4.09
192702   3.98   6.38   6.44   5.02   3.59   7.99
192703  -2.23  -1.01  -3.11   1.29   0.26  -2.59
192704  -1.38   0.87   3.48   3.08  -0.77  -0.49
192705   5.46   3.31  13.46   5.41   5.14   7.01
192706  -1.72   1.32  -4.09  -0.97  -3.00  -2.03
192707   4.26   5.26   4.02   9.27   6.81   7.26
192708   2.49  -2.30   0.73   4.01   1.15  -1.94
192709   2.20   2.24   0.37   5.25   4.42   5.93
192710  -0.21  -2.17  -6.09  -3.57  -4.36  -6.63
192711  10.28   7.95  10.46   6.97   6.75   6.64
192712   5.67   2.66   2.45   2.50   1.87   3.47
192801   3.14   2.68   3.60  -0.44  -0.40  -2.32
192802  -4.88  -1.77  -4.13  -0.68  -1.22  -2.70
192803   6.97   8.63   9.44  12.36   6.14   7.68
192804   5.03  10.78   9.98   2.94   5.94   4.50
192805   6.70   1.97   2.61   2.57  -0.04   0.65
192806  -9.17  -8.52  -6.80  -3.64  -4.13  -5.45
192807  -0.41  -0.38  -0.97   1.36   0.12   0.83
192808   6.13   5.01   3.77   8.76   5.40   6.86
192809   5.74   4.47   6.18   3.01   1.95   4.24
192810   6.84   3.14   1.67   1.31   1.40   2.21
192811   8.67  11.15  12.19  11.17  13.34  12.95
192812   0.67  -0.71  -0.58   0.97   0.02   1.20
192901   0.25   1.90   1.78   6.53   4.87   2.57
192902   0.74   1.13   0.40  -0.57   0.75   3.09
192903  -6.22  -3.37  -4.34  -1.39   2.32  -0.12
192904  -0.65   2.79   0.73   2.33   1.09   2.81
192905 -10.23  -9.44 -12.89  -5.85  -4.16  -6.22
192906   6.90   9.54   6.46  12.47   9.39   7.44
192907  -0.06  -0.51   3.87   3.65   6.19   5.06
192908  -1.12  -0.70  -0.48   7.22  12.51   7.22
192909  -3.93  -4.27  -3.61  -4.48  -4.98  -6.38
192910 -23.00 -19.65 -21.22 -23.87 -14.58 -10.57
192911 -14.61  -9.58 -10.97 -14.25 -10.46  -7.79
192912  -2.74  -3.17  -1.18   3.24   0.56   1.41
193001   6.03   9.52   8.47   7.36   3.35   2.85
193002   1.76   1.07   4.57   3.47   1.88   1.21
193003   8.68  11.33  10.69   6.76   8.42   5.35
193004  -7.10  -1.25  -3.48  -2.34  -1.76  -6.68
193005  -3.61  -2.69  -2.99   0.70  -2.28  -1.40
193006 -17.98 -16.45 -19.04 -17.70 -13.16 -11.84
193007   6.52   3.64   2.57   4.71   3.55   5.27
193008  -3.78  -1.63  -2.32   1.02  -0.67  -1.62
193009 -13.79 -14.74 -19.50 -12.69 -10.97 -17.16
193010 -10.48  -7.71 -10.41  -9.23  -7.30 -11.49
193011   0.69  -2.83  -2.50  -2.16  -3.26  -6.60
193012 -10.86 -10.97 -17.84  -6.08  -9.11 -10.48
193101   9.85  11.41  16.16   4.53   7.79  14.69
193102  13.21  11.57  17.01  12.55   6.89  12.00
193103  -4.91  -2.95  -7.22  -4.83  -9.81  -8.94
193104 -12.43 -13.97 -18.18  -8.88 -11.27 -11.78
193105  -9.67  -8.76 -13.72 -11.41 -16.40 -20.00
193106  10.27   7.91  21.37  13.09  16.11  25.38
193107  -8.56  -8.97  -5.75  -5.18 -10.20 -12.38
193108  -1.60  -1.15  -3.76   1.30  -1.62   0.05
193109 -27.74 -32.00 -35.32 -28.27 -28.57 -35.17
193110   4.26  11.69   8.20   9.51   3.65  11.82
193111  -7.65  -7.13  -9.57  -6.11 -16.88 -14.57
193112 -13.87 -16.73 -23.20 -11.65 -18.84 -20.69
193201   2.50   3.98  11.94  -3.41   1.95   6.64
193202  -2.29   2.37   1.52   7.10   1.68   0.35
193203 -10.88 -12.13 -10.78 -10.28 -15.12 -14.78
193204 -19.67 -17.22 -16.08 -18.15 -20.01 -17.59
193205 -16.00 -24.77 -17.84 -19.29 -26.33 -25.60
193206   0.85   6.04   1.91  -1.79   0.52   8.86
193207  31.57  36.16  63.12  28.25  47.72  67.75
193208  46.28  55.98  83.39  31.40  51.18  62.70
193209  -1.64  -4.99 -12.45  -1.04  -6.63  -4.97
193210 -15.81 -19.57 -24.14 -10.76 -17.60 -23.38
193211  -0.67  -8.29 -13.58  -2.73  -9.09 -16.19
193212  -6.78  -4.24 -10.37   6.81   1.36  -4.68
193301   5.01   1.76   8.05  -0.02   2.78   9.88
193302 -17.39 -18.78 -20.86 -15.01 -16.78 -17.37
193303   6.81   6.23  15.42   0.95  10.18   6.52
193304  40.78  55.08  56.91  33.69  52.28  57.75
193305  59.57  61.24  72.36  17.03  26.70  41.57
193306  32.71  23.54  18.59  11.41  15.23  22.27
193307 -14.18 -12.91  -7.23  -8.87 -13.05  -9.22
193308  10.57  10.78   8.41  10.60  15.77  18.86
193309  -7.65 -14.15 -20.89  -9.20 -12.37 -19.39
193310  -8.51 -12.30 -14.06  -6.31 -10.61 -17.74
193311   4.46   5.07   6.12   9.81  12.28  12.69
193312   5.00   3.67  -0.23   2.10   1.91   3.35
193401  21.53  29.32  39.66   9.88  16.85  24.15
193402  -0.28   1.27   4.85  -2.40  -3.11  -3.81
193403   4.55   2.08  -0.01  -0.01  -0.13  -0.62
193404   3.12  -1.86  -1.70  -1.78  -2.22  -4.62
193405  -7.39 -10.03 -12.09  -6.41  -8.65 -13.51
193406   3.74  -0.10  -2.19   2.63   2.51   2.86
193407 -18.05 -21.86 -24.69  -8.32 -11.74 -23.19
193408  10.92  10.46  11.57   6.07   4.45   5.77
193409  -0.91  -0.63  -3.48  -0.26  -0.18  -0.11
193410  -0.95  -1.82  -3.98  -0.41  -2.66  -7.37
193411  17.42  15.53  12.75  10.26   4.99  10.66
193412   4.94   2.34   1.60   0.75   0.53  -2.24
193501  -5.56  -3.50  -3.05  -3.01  -2.90  -9.06
193502  -3.73  -4.81  -6.32  -0.87  -1.71 -13.23
193503  -5.94  -7.17 -11.34  -3.08  -3.33  -7.75
193504   6.72   9.18  10.55   8.16   9.97  13.06
193505  -2.26   2.25   1.82   3.13   4.33   3.96
193506   5.59   6.03   0.84   6.37   5.61   8.08
193507   9.51  13.25  13.34   7.19   6.32  16.52
193508   3.63   8.30  14.55   2.30   2.20   3.95
193509   5.07   5.51   0.47   4.68   0.67   1.05
193510  11.08  10.65   6.94   6.61   7.98   6.08
193511   6.85  10.41  19.79   3.03   5.60  14.48
193512   5.82  10.12   1.79   2.98   5.82   8.66
193601  10.68   7.74  23.56   3.30   9.54  12.33
193602   2.32   6.54   5.64   1.92   2.80   7.26
193603   0.23   2.40   0.88   2.61   0.05  -1.23
193604 -14.13 -14.10 -15.53  -7.14  -8.35 -10.30
193605   5.06   5.54   8.74   5.06   5.11   6.48
193606  -2.15  -0.33  -1.15   3.64   2.14   0.26
193607  10.62   7.58   9.37   5.92   6.22  12.23
193608   0.65   2.39   4.20   0.29   0.77   4.34
193609   2.21   5.04   4.47   0.83   1.06   0.45
193610   3.72   6.52   6.52   6.38   8.81   8.61
193611  10.86   9.06  12.21   3.37   3.16  -0.48
193612   2.12   3.46   7.52  -1.84   2.31   1.03
193701   7.24   7.48  10.10   3.63   1.40   6.32
193702   3.25   1.61   4.61  -0.21   0.79   6.99
193703  -2.97   0.01   3.31  -1.74  -0.22   6.06
193704 -10.14 -11.65 -13.11  -6.82  -6.12 -10.77
193705  -0.43  -0.96  -4.12   0.25  -0.72  -2.99
193706  -7.66  -7.78 -10.61  -4.16  -2.72  -7.45
193707  10.95   9.04  10.80   9.20   7.97  10.97
193708  -4.65  -5.02  -5.60  -4.24  -4.60  -7.79
193709 -20.90 -21.11 -23.07 -12.37 -12.42 -19.30
193710 -10.79 -10.12  -9.74 -10.18  -7.56 -14.27
193711 -11.50 -12.07 -11.74  -8.79  -7.71  -8.12
193712 -14.35 -10.71 -12.61  -4.16  -2.92  -6.83
193801   4.97   6.05   3.85   1.31  -0.32  -0.64
193802   8.42   5.73   4.87   6.40   5.38   6.02
193803 -30.11 -29.14 -30.44 -23.65 -22.55 -30.58
193804  21.90  20.67  20.80  13.86  14.44  15.87
193805  -7.47  -7.74  -5.51  -3.58  -3.69  -6.02
193806  31.23  30.69  27.63  25.78  21.00  30.12
193807  13.41  14.49  15.51   6.77   7.35   9.22
193808  -4.60  -5.11  -9.40  -0.43  -6.05  -5.18
193809  -1.72  -2.49  -2.78   1.37   0.64  -0.97
193810  14.07  14.76  16.90   6.93   7.20  14.18
193811  -5.20  -2.67  -5.89  -1.16  -2.07  -2.87
193812   6.03   3.74   1.51   3.29   4.54   8.88
193901  -8.05  -8.93 -10.14  -5.27  -6.22 -11.02
193902   3.91   5.07   6.29   3.44   3.10   6.90
193903 -17.85 -18.53 -22.86  -9.85 -13.74 -21.38
193904  -0.48   0.13   1.98  -0.13  -0.06  -3.20
193905  11.31   9.04   9.87   6.90   5.64   9.28
193906  -6.87  -7.92 -10.68  -4.41  -6.62 -11.16
193907  15.76  16.69  13.60  11.32   8.45  13.73
193908 -12.28 -12.01 -12.64  -6.33  -5.93 -10.90
193909  38.68  39.33  54.98  13.58  16.91  40.80
193910   0.23  -0.57  -5.01   0.03  -0.82  -4.31
193911  -8.14  -9.42 -13.75  -2.64  -3.69  -9.63
193912   6.12   3.01   0.29   3.56   2.10   1.01
194001  -4.23  -2.13  -2.78  -2.16  -2.52  -5.15
194002   4.10   4.39   3.15   1.24   1.34   1.49
194003   4.69   2.86   2.28   2.38   1.46   2.26
194004   4.92   3.22   4.09  -0.13   0.12   0.27
194005 -27.68 -27.52 -32.44 -22.12 -20.87 -24.79
194006   3.88   5.01   7.98   4.97   8.23  10.63
194007   4.73   4.66   3.32   3.39   3.05   3.30
194008   2.05   3.07   1.87   2.22   1.80   3.50
194009   5.38   4.44   5.20   3.16   1.21   1.06
194010   4.21   5.82   6.30   0.90   6.36   8.10
194011   1.12   0.52   0.22  -1.95  -1.38  -0.74
194012  -0.93  -1.34  -2.32   0.59   1.00   0.19
194101  -4.46  -2.69  -0.32  -5.04  -3.85  -1.53
194102  -3.47  -1.78  -2.89  -1.58  -1.48  -0.38
194103   0.51   1.11   3.78   0.54   1.21   3.37
194104  -7.56  -5.36  -5.21  -6.50  -4.57  -2.03
194105   1.75   0.70   1.54   0.94   2.62   2.36
194106   4.11   6.18   8.47   6.18   5.62   3.04
194107  10.44  10.30  18.51   3.73   8.18  10.13
194108  -1.16  -2.17  -0.39   0.70  -0.85  -2.27
194109  -3.07  -1.79  -1.96  -0.01  -2.21  -1.67
194110  -5.89  -6.34  -6.06  -6.10  -3.31  -2.66
194111  -1.02  -4.10  -2.76  -2.29  -0.59  -1.75
194112  -5.49  -8.03 -12.71  -4.69  -3.63  -9.34
194201   6.71  10.54  14.46  -1.79   0.52  10.65
194202   0.53  -1.10  -1.69  -2.30  -2.80  -2.37
194203  -4.78  -3.46  -5.72  -5.84  -7.57  -6.13
194204  -6.18  -3.36  -3.73  -4.59  -4.50  -2.86
194205   0.14   1.69   1.64   7.48   4.95   0.64
194206   1.00   1.40   2.14   3.04   2.59   2.76
194207   5.17   3.75   5.15   2.69   4.31   7.54
194208   2.25   2.74   2.49   1.72   1.74   4.13
194209   2.20   2.77   5.99   2.63   2.84   3.61
194210   8.29   7.54  14.50   5.32   7.89  12.05
194211  -1.12  -2.26  -4.04   1.08   0.21  -4.46
194212   2.60   3.99   2.61   4.91   5.95   6.00
194301  11.73  13.85  23.83   5.35   8.04   9.71
194302  10.87   9.23  17.49   4.82   7.02  11.23
194303  10.97  11.83  15.00   4.15   7.16  11.10
194304  -0.95   2.70   8.17  -0.10   1.25   2.51
194305   8.85   9.11  13.30   5.03   5.72   7.14
194306  -0.28   1.04   0.42   2.17   1.96  -0.02
194307  -5.13  -6.79  -8.91  -4.77  -3.68  -5.45
194308   0.35   0.04   0.71   1.51   1.30   0.21
194309   2.96   3.07   5.40   2.20   2.74   2.59
194310  -0.70  -0.33   0.82  -1.44  -0.96   0.39
194311  -7.07  -7.98 -10.43  -4.77  -6.61  -9.39
194312   7.26  10.66  11.41   5.72   6.95   7.37
194401   4.96   4.67   5.46   0.78   1.62   4.87
194402   1.36   0.96   0.71   0.05   0.79   2.41
194403   2.01   3.70   7.46   2.21   2.57   3.45
194404  -1.99  -2.87  -3.92  -1.40  -1.88  -1.58
194405   5.82   7.25   7.06   4.62   5.03   5.45
194406   9.42   9.75  10.72   4.95   5.20   7.42
194407   0.21  -1.03  -1.44  -1.66  -1.48  -0.85
194408   4.57   4.37   1.92   1.36   1.25   1.14
194409   1.59  -0.06  -0.23   0.34  -0.25  -0.24
194410   0.19   0.55  -0.52  -0.07   0.84  -0.09
194411   0.96   2.96   3.72   1.17   2.26   3.17
194412   6.02   6.90  10.54   2.52   4.52   9.74
194501   5.41   5.01   4.12   0.74   3.04   3.40
194502   6.66   8.78  10.71   5.15   6.16   9.98
194503  -4.69  -6.34  -6.28  -3.20  -4.38  -4.76
194504   7.93   9.09  10.07   6.76   8.03  10.84
194505   2.82   2.21   4.07   2.02   1.05   1.44
194506   3.04   2.52   6.86  -1.21   0.71   3.50
194507  -3.06  -3.56  -5.46  -1.43  -1.82  -4.50
194508   7.78   7.84   4.90   8.62   4.41   2.70
194509   6.69   6.78   6.45   4.56   4.40   5.73
194510   6.05   6.66   7.22   2.36   5.00   5.48
194511   9.35   9.76  11.54   2.89   5.83   9.39
194512   4.16   3.12   1.63   1.77   1.13  -0.49
194601   9.58   8.87  12.37   6.09   4.92   7.86
194602  -6.24  -6.74  -7.30  -5.89  -4.96  -7.38
194603   6.53   5.94   5.81   5.17   7.04   5.16
194604   4.37   7.92   6.39   3.76   5.16   2.65
194605   6.74   5.12   5.76   3.19   3.61   6.37
194606  -4.70  -5.15  -6.00  -4.42  -2.62  -4.17
194607  -4.83  -3.37  -5.05  -2.73  -2.39  -2.40
194608  -8.51  -8.33  -7.38  -6.35  -6.22  -6.27
194609 -13.98 -13.54 -15.86  -9.78  -8.48 -11.84
194610  -3.18  -0.83   0.75  -2.50  -1.74   0.47
194611  -1.58  -0.61   1.41  -0.23   0.74  -0.17
194612   5.71   4.53   4.23   5.29   5.24   3.96
194701   4.53   2.47   3.25   2.17  -0.49   1.98
194702  -1.28  -0.58   0.85   0.05  -1.34  -1.80
194703  -3.36  -3.41  -2.39  -1.79  -1.01  -1.55
194704  -9.35  -7.96  -8.11  -5.14  -3.68  -4.68
194705  -5.22  -3.99  -3.60  -1.11   0.19  -2.07
194706   4.33   5.29   4.97   6.46   4.58   4.53
194707   5.23   6.42   7.04   3.53   3.48   7.26
194708  -1.86  -1.52  -1.20  -1.85  -1.45  -2.24
194709   0.41   0.33   2.63  -0.68  -0.65  -0.17
194710   3.54   3.32   2.95   2.23   2.97   3.05
194711  -4.48  -3.36  -2.63  -2.10  -1.50  -1.80
194712   0.17   1.43   3.07   2.01   3.48   6.60
194801  -1.75  -2.46  -0.17  -4.56  -4.02  -3.37
194802  -5.99  -6.35  -5.84  -4.67  -3.69  -4.72
194803   6.45   8.35  12.28   7.88   7.73  11.10
194804   1.29   2.85   4.69   2.27   4.37   7.11
194805   9.35   8.65   7.48   8.53   6.49   7.85
194806  -2.87  -1.57   0.48  -0.63   0.31   1.70
194807  -5.05  -5.27  -5.49  -5.01  -5.31  -4.36
194808  -1.22  -0.59  -0.35   0.88  -0.21   0.57
194809  -2.99  -4.24  -5.53  -2.74  -2.45  -3.75
194810   4.07   4.65   5.39   6.43   5.85   6.27
194811  -9.71  -9.77 -12.96  -8.40  -8.76 -13.45
194812   1.35  -0.02   0.10   4.94   2.75   2.29
194901   1.24   1.74   2.98   0.56  -1.07   1.32
194902  -5.41  -3.86  -5.62  -2.49  -2.74  -4.05
194903   6.41   5.54   8.21   4.24   3.42   5.05
194904  -1.68  -3.06  -3.38  -2.08  -0.66  -2.62
194905  -3.86  -3.74  -5.14  -1.89  -3.11  -5.38
194906  -1.38  -1.18  -1.12   1.11   0.24  -2.45
194907   6.50   7.21   5.74   5.25   5.76   6.79
194908   3.27   3.54   1.95   2.71   2.77   2.85
194909   5.43   4.18   4.17   2.65   3.61   4.36
194910   5.09   3.48   4.10   3.27   3.05   3.27
194911   0.46   1.00   0.20   2.94   0.14   1.40
194912   6.95   6.55   8.81   5.34   3.80   6.95
195001   7.24   4.61   4.70   0.86   1.95   3.70
195002   1.64   1.98   0.57   1.57   1.48   1.07
195003   2.43  -1.12  -1.97   1.92   0.93   0.76
195004   5.82   5.36   7.51   4.35   3.02   5.33
195005   1.61   2.80   3.03   4.64   5.05   4.15
195006  -7.09  -7.89  -9.10  -5.45  -6.37  -5.02
195007   0.76   3.41  11.57  -3.47   4.47  13.10
195008   4.36   5.55   5.13   6.09   4.15   2.58
195009   6.01   4.91   5.03   5.79   3.83   4.56
195010  -0.46  -0.24   0.07  -0.18  -0.50   2.02
195011   0.39   2.09   4.87   2.34   3.42   4.24
195012   5.25   7.39  12.56   3.36   6.67  10.59
195101   6.60   7.02  10.65   5.16   5.41   8.69
195102   1.63   1.31  -0.05   2.24   1.87  -1.66
195103  -1.42  -3.27  -5.69  -0.72  -2.70  -4.98
195104   2.24   3.80   6.39   4.42   5.67   6.79
195105  -1.85  -2.60  -3.50  -2.35  -1.83  -3.53
195106  -3.93  -4.79  -7.27  -2.20  -1.08  -6.82
195107   5.34   5.08   6.62   6.71   7.05   9.44
195108   5.98   5.40   4.96   4.24   4.33   4.92
195109   2.36   2.87   2.78   0.58   0.43   1.40
195110  -2.03  -1.62  -3.42  -3.80  -0.51  -2.06
195111   0.46   0.44   0.34   0.79   0.69   0.75
195112   1.15   0.95   0.69   4.26   3.61   1.62
195201   1.69   1.80   1.30   0.42   2.53   3.77
195202  -2.01  -1.98  -1.95  -2.18  -2.82  -3.49
195203   1.21   2.29   3.42   4.37   4.84   6.62
195204  -4.81  -4.84  -4.00  -4.66  -4.93  -5.53
195205   2.31   2.08   2.69   3.79   2.84   3.46
195206   1.66   2.87   3.37   3.91   4.19   4.68
195207   0.97   1.56  -0.17   1.16   0.78   1.66
195208   0.03   0.96   0.30  -0.89  -0.28  -0.97
195209   0.17  -0.83  -2.12  -1.83  -1.86  -2.38
195210  -0.74  -1.62  -1.98  -0.58  -0.25  -0.43
195211   5.51   5.60   6.07   6.21   5.46   7.69
195212   1.91   1.73   1.72   3.15   3.03   3.71
195301   3.79   3.55   3.83  -0.97  -0.04   1.55
195302   1.32   2.31   1.83  -0.20  -0.17  -0.81
195303  -1.74  -1.76  -2.01  -1.18  -1.14  -2.58
195304  -3.09  -2.31  -1.14  -3.01  -2.47  -1.86
195305   0.70   0.91   0.72   0.85   0.31   1.34
195306  -3.24  -3.33  -4.00  -1.61  -1.43  -1.85
195307   0.88   1.52   1.47   2.98   2.12   1.89
195308  -3.30  -5.31  -6.31  -4.01  -3.95  -8.05
195309   0.04  -0.85  -2.28   0.90   0.19  -1.65
195310   3.14   3.67   3.18   5.08   4.33   4.66
195311   1.53   2.19   1.29   3.37   2.23   3.32
195312   0.26  -1.28  -2.75   0.53   0.36  -2.12
195401   4.74   6.62   8.25   4.47   5.79   7.85
195402   1.09   1.50   1.45   1.66   2.16   0.76
195403   2.64   3.13   2.24   4.25   3.52   1.76
195404  -0.25   2.30   0.31   5.31   3.44   4.00
195405   3.99   4.25   5.10   2.87   2.63   6.66
195406   0.57   1.81   1.39   1.85  -0.28   1.07
195407   5.55   6.91   9.12   4.28   5.15   9.00
195408  -0.12   0.12  -0.90  -2.98  -0.93  -5.04
195409   2.90   4.66   4.67   6.89   6.57   6.47
195410   0.60  -1.01  -0.72  -2.26  -1.02   0.34
195411   7.09   8.94   9.68   9.60   8.16  15.91
195412   7.54   9.50  11.42   4.28   5.89  11.76
195501   1.58   1.23   2.30   0.08   0.77   3.55
195502   3.81   5.42   4.66   3.06   2.75   3.42
195503  -0.67  -0.27   0.67  -0.28  -0.26   2.23
195504   1.49   1.11   2.64   4.09   1.97   4.43
195505   0.57   0.47   0.41   1.95   0.06   0.20
195506   2.11   3.37   3.54   6.59   7.42   8.85
195507  -1.73   1.05   1.29   2.63   1.19   0.39
195508  -0.13   0.60   0.27   0.35   0.33   1.45
195509  -0.70  -0.46  -0.36   0.05  -0.15  -2.31
195510  -1.54  -0.78  -1.29  -2.81  -1.92  -3.28
195511   6.03   4.86   5.26   8.31   4.70   9.74
195512   3.10   2.25   2.57   1.98   1.69  -1.71
195601  -2.08  -2.02  -1.71  -3.63  -1.34  -2.35
195602   2.00   3.80   2.39   4.77   2.84   3.47
195603   3.46   3.80   5.15   7.87   5.71   5.20
195604   1.10   0.88   0.07   0.11   1.23   0.81
195605  -3.38  -4.10  -4.50  -5.13  -4.69  -6.65
195606   0.95   2.48   1.30   4.30   3.26   1.75
195607   3.35   3.44   3.42   5.10   5.29   4.88
195608  -0.27  -0.94  -2.13  -3.54  -2.34  -3.14
195609  -3.40  -2.96  -2.15  -5.93  -3.69  -3.68
195610   1.19   0.84   0.42   0.70   0.77   1.33
195611  -0.31   0.18   2.22  -0.42   2.55   0.57
195612   4.33   2.12   2.17   3.82   3.18   1.68
195701  -0.80   0.15   2.05  -4.45  -2.67  -1.64
195702  -2.95  -3.23  -2.72  -1.52  -2.05  -3.07
195703   2.37   2.62   2.29   2.69   1.87   1.72
195704   2.22   2.40   2.27   5.61   3.39   2.60
195705   2.87   1.26   1.76   4.75   2.55   1.83
195706   0.17  -1.19   0.73  -0.12  -1.21  -0.74
195707  -0.75   0.79   0.43   1.28   0.54   1.07
195708  -4.93  -4.42  -5.21  -5.46  -3.20  -6.08
195709  -7.15  -4.93  -5.02  -6.34  -4.38  -6.56
195710  -8.04  -5.55  -8.27  -3.78  -3.40  -7.30
195711   3.32   1.42   1.10   3.11   2.03  -0.49
195712  -4.37  -4.66  -5.90  -3.92  -2.35  -5.92
195801  11.92  10.48  11.93   3.41   5.99  12.07
195802  -1.43  -0.53  -0.49  -1.83  -0.58  -2.30
195803   5.17   3.81   3.11   3.41   3.19   3.41
195804   2.88   1.76   4.31   3.33   2.50   5.19
195805   6.37   4.22   4.29   2.06   2.59   3.74
195806   2.26   3.26   2.95   3.14   2.68   3.07
195807   4.23   6.01   7.14   4.38   3.96   7.61
195808   4.34   3.02   3.18   1.72   1.83   3.53
195809   5.54   4.29   7.70   4.75   4.34   8.19
195810   6.83   2.75   3.03   2.61   2.72   4.14
195811   7.68   4.33   4.11   3.32   2.11   4.54
195812   2.71   3.27   3.85   4.98   6.95   3.95
195901   4.47   5.16   5.61  -0.63   2.74   4.08
195902   2.40   3.62   2.87   0.45   1.73   2.27
195903   1.61   1.55   1.73   0.73  -0.11  -0.09
195904   3.78   3.28   2.11   4.71   2.61   3.89
195905  -1.41   0.69   1.34   2.76   0.57   3.60
195906   1.74   0.52   1.84  -0.39   0.33   2.15
195907   2.25   2.80   3.57   3.99   2.46   3.22
195908  -1.88  -1.24  -1.97  -1.36  -1.00  -0.38
195909  -5.46  -4.49  -4.11  -5.03  -3.24  -5.33
195910   4.15   2.50   1.26   1.44   1.78   0.13
195911   3.88   1.99   0.63   3.01  -0.11  -0.17
195912   3.33   2.37   2.12   2.98   2.58   4.17
196001  -5.67  -3.20  -2.99  -8.21  -4.40  -5.60
196002   2.18   1.41   0.65   1.30   2.25  -1.10
196003  -2.49  -2.47  -3.75  -0.88  -1.08  -5.11
196004  -0.14  -2.14  -2.97  -1.57  -1.35  -3.02
196005   5.43   1.70   2.55   4.30   1.78  -0.27
196006   2.35   2.37   1.56   2.57   1.76   2.80
196007  -3.37  -1.90  -1.36  -3.48  -0.31  -1.29
196008   4.18   2.97   4.18   2.74   4.11   2.40
196009  -7.78  -5.89  -6.00  -6.74  -4.40  -5.16
196010  -6.76  -2.35  -2.78  -0.61  -0.07   1.06
196011   6.41   4.97   3.12   5.42   4.01   3.93
196012   4.06   3.47   2.40   3.58   7.41   3.69
196101   7.38   7.74   9.47   4.91   7.77  10.11
196102   7.72   6.31   7.45   4.05   2.59   3.15
196103   7.30   4.96   5.74   2.17   4.08   2.10
196104   1.08   0.11   2.41  -0.32   1.10   2.62
196105   3.55   4.98   4.82   3.20   1.54   2.69
196106  -5.92  -4.47  -5.50  -2.28  -3.24  -2.89
196107  -0.55   1.20   1.31   3.16   3.48   1.14
196108   0.80   0.45   1.10   3.21   1.95   2.30
196109  -4.70  -3.16  -3.31  -1.18  -2.99  -3.78
196110   0.87   3.27   0.38   2.27   3.97   3.12
196111   6.50   5.72   4.72   4.87   4.08   4.21
196112  -1.28   0.31   0.27  -0.21   0.35   1.75
196201  -2.60  -0.86   2.21  -4.99  -1.91   0.41
196202   0.70   0.73   1.79   1.85   2.41   2.40
196203   0.81  -1.09  -0.56  -0.38  -0.28  -2.16
196204  -6.61  -7.27  -6.95  -6.66  -5.58  -6.05
196205 -12.14  -9.88  -9.51  -9.08  -6.80  -6.25
196206  -9.52  -7.38  -7.10  -9.05  -6.95  -6.63
196207   8.93   5.82   6.58   7.85   5.44   3.47
196208   4.51   3.51   2.52   2.75   1.63   2.49
196209  -8.09  -7.06  -6.10  -5.02  -4.67  -4.36
196210  -4.90  -3.29  -2.04   0.57   0.73   0.31
196211  14.94  13.60  14.14  11.38   9.92  13.90
196212  -3.51  -1.47  -2.12   1.55   1.85   0.80
196301   7.58   8.14   9.78   4.95   4.29   7.23
196302  -2.61  -1.48  -0.13  -2.79  -1.84  -0.97
196303  -0.07   1.73   2.46   3.40   3.38   5.08
196304   3.72   2.83   4.91   4.98   4.47   5.79
196305   1.73   3.24   5.41   2.26   1.19   3.69
196306  -1.17  -1.97  -1.91  -2.32  -1.47  -0.30
196307  -1.08  -0.69  -1.12  -0.04   0.49  -1.62
196308   4.45   4.49   5.79   5.41   4.69   7.48
196309  -2.85  -0.53  -2.03  -1.07  -1.71  -1.89
196310   0.99   1.74   2.72   3.85   1.26   2.04
196311  -2.88  -1.27  -0.36  -0.26  -1.46   0.69
196312   0.49   0.53   0.19   2.06   3.09   1.93
196401   0.65   2.64   3.98   2.66   2.72   2.60
196402   1.57   2.15   4.17   1.43   1.66   4.45
196403   0.61   4.04   5.15   0.91   3.07   2.96
196404  -1.77  -0.26  -1.45   0.41   1.15  -0.99
196405   0.99   1.18   2.06   1.51   1.16   4.06
196406   1.30   1.31   2.02   1.68   1.33   2.32
196407   1.51   3.02   2.63   1.91   2.32   2.36
196408  -1.49  -0.40  -1.29  -1.37  -0.43  -1.42
196409   3.38   2.90   3.58   2.32   3.86   5.56
196410   1.10   1.58   2.32   0.49   1.65   1.42
196411  -0.16  -0.34  -0.01   0.53   0.79  -3.69
196412   0.36  -0.83  -1.45   1.09  -0.35  -1.95
196501   7.01   5.85   6.59   3.43   3.73   4.57
196502   3.73   3.40   4.19   0.20   1.00   0.19
196503   0.89   0.74   1.51  -1.31  -1.27   0.36
196504   3.12   4.40   5.28   3.61   2.85   2.91
196505  -0.21  -0.86  -1.32  -0.29   0.11  -2.28
196506  -9.70  -8.85  -8.62  -4.27  -5.80  -4.90
196507   2.53   3.08   4.12   1.34   1.67   4.13
196508   6.64   5.06   5.06   2.90   2.80   2.52
196509   3.89   3.81   3.80   3.78   2.22   3.60
196510   5.96   5.44   6.37   2.81   1.93   5.49
196511   4.09   4.80   4.71  -0.01  -0.13  -0.31
196512   3.80   3.35   4.86   0.84   0.89   4.07
196601   4.71   5.65   6.92  -0.17   1.22   4.16
196602   3.75   3.16   3.42  -1.63  -0.82  -0.55
196603  -0.46  -2.94  -2.25  -1.55  -2.68  -4.01
196604   5.62   4.69   5.82   2.46   1.82   1.54
196605  -9.98  -9.90 -10.35  -4.22  -5.14  -7.06
196606   0.80   0.08  -0.05  -2.00  -0.06  -0.16
196607  -2.07  -1.69  -0.72  -1.65  -0.62  -1.17
196608 -11.20  -9.81 -10.48  -7.69  -6.62  -7.42
196609  -1.94  -0.94  -1.45  -0.99   0.19  -0.51
196610  -3.76  -0.20  -0.16   3.32   7.16   5.20
196611   7.39   4.58   2.41   3.70  -0.96  -0.58
196612   3.07   2.64   0.98  -0.35   1.41  -0.16
196701  17.50  16.21  17.52   7.93   6.37  12.63
196702   4.74   2.86   3.12   1.99  -0.33  -0.90
196703   5.77   6.48   5.58   4.32   3.65   5.46
196704   5.17   3.75   3.45   6.01   1.83   3.14
196705  -1.23  -1.14  -2.29  -4.96  -3.73  -2.30
196706   9.55   8.14   8.01   1.48   2.03   4.63
196707   7.01   7.66  10.34   4.92   3.50   7.09
196708  -0.36   0.82   0.46  -0.76  -0.89   1.29
196709   6.85   5.28   4.65   3.81   2.77   1.07
196710  -0.85  -2.17  -3.41  -1.52  -3.81  -5.53
196711   1.30   1.35  -0.88   1.09   0.31  -0.15
196712  11.08   7.13   8.10   2.15   3.25   4.04
196801  -1.44   1.01   3.53  -6.15  -1.28  -1.42
196802  -7.45  -5.05  -5.03  -3.31  -2.12  -3.27
196803  -0.66  -1.20  -0.52   1.83  -0.75   0.44
196804  17.20  14.16  13.23  10.23   5.39  12.00
196805   9.61   8.17   8.71   2.47   0.13   5.01
196806  -0.22   1.31   1.50  -0.02   3.59  -0.42
196807  -5.58  -2.34   0.24  -4.50   0.34   0.31
196808   3.94   3.50   4.75   1.12   1.52   2.29
196809   7.43   6.94   6.45   3.33   4.37   4.91
196810  -0.47   1.96   1.34  -0.63   1.76   3.21
196811   8.66   8.13   6.77   5.50   5.56   5.48
196812   0.30  -0.64  -1.04  -4.87  -3.14  -3.46
196901  -1.81  -0.67  -0.72  -1.82   0.09   0.41
196902 -10.43  -8.12  -7.63  -3.98  -5.32  -5.01
196903   3.01   2.14   3.25   3.89   2.61   2.80
196904   0.85   1.96   1.26   3.24   0.40   2.87
196905  -0.34   0.99  -0.11  -0.11   0.70   0.90
196906 -12.13 -11.28 -10.97  -3.48  -8.04  -6.84
196907 -11.10  -9.48  -7.43  -4.74  -7.51  -6.05
196908   7.23   5.11   3.83   6.73   4.40   2.62
196909  -0.51  -1.96  -2.77  -0.58  -3.59  -4.76
196910  10.92   8.21   7.27   6.32   4.60   3.73
196911  -5.41  -5.27  -6.46  -2.08  -3.86  -3.54
196912  -5.03  -5.79  -6.36   0.10  -1.89  -4.34
197001  -6.12  -5.24  -2.26  -8.12  -8.59  -5.64
197002   3.13   3.33   6.25   3.85   7.93   8.10
197003  -5.12  -1.16   0.19  -1.75   1.48   1.09
197004 -20.59 -14.11 -11.29 -10.52  -9.53  -7.52
197005 -11.20 -10.66  -8.16  -7.81  -4.18  -4.20
197006  -8.46  -7.30  -6.10  -5.46  -3.21  -6.94
197007   7.60   6.82   6.77   5.21   9.74   7.89
197008   5.97   7.02   6.91   4.13   5.33   6.00
197009  16.89  10.89   9.45   7.21   0.34   3.83
197010  -6.74  -6.84  -4.12  -0.69  -1.62  -2.89
197011   0.61   1.94   2.63   5.11   5.72   6.25
197012   7.73   9.55   9.24   5.39   6.72   5.95
197101  10.52  12.49  12.77   4.65   3.80   5.49
197102   4.44   3.59   2.30   2.38   0.33   2.05
197103   8.82   5.24   4.69   5.83   3.06   2.06
197104   3.05   3.74   3.47   3.92   2.59   5.21
197105  -4.25  -5.50  -5.01  -2.76  -4.23  -4.66
197106   0.38  -1.68  -2.36   1.14  -0.14  -0.07
197107  -6.67  -4.44  -5.95  -4.12  -3.52  -4.88
197108   4.28   3.84   6.52   5.51   1.25   8.55
197109   0.87  -0.74  -2.04   0.36  -1.24  -2.54
197110  -5.88  -4.44  -6.57  -3.91  -3.48  -4.25
197111  -2.88  -2.32  -3.98   0.86  -0.37  -1.37
197112  13.36  11.20  12.13   8.96   8.44   9.43
197201   8.63   6.76  10.35   2.66   0.39   5.18
197202   4.73   3.15   2.64   4.55   1.03   0.98
197203   1.51  -0.13  -0.46   2.19  -1.35   0.94
197204   0.72   1.27   0.48   0.79   0.11   1.10
197205  -1.80  -1.37  -2.67   2.98   0.89  -1.58
197206  -3.45  -2.79  -3.12  -1.10  -2.78  -6.34
197207  -5.06  -3.26  -2.11   0.60  -1.20  -1.14
197208  -0.71   2.01   2.60   1.48   7.10   7.28
197209  -3.46  -2.70  -3.18  -0.48  -1.08   0.22
197210  -2.48  -0.17  -1.15   0.52   2.25   1.64
197211   3.37   5.86   6.42   2.97   6.54   9.68
197212  -1.20  -1.06  -2.31   2.66  -0.78  -0.59
197301  -7.93  -5.14  -3.66  -2.62  -2.18  -1.48
197302 -11.03  -7.71  -5.85  -3.04  -4.95  -4.95
197303  -3.89  -2.67  -1.25  -1.23   0.52   1.26
197304 -11.11  -5.46  -5.00  -6.07  -2.56  -1.40
197305 -10.63  -7.14  -7.41  -0.89  -2.12  -3.36
197306  -4.98  -2.97  -2.71  -0.91  -0.34  -0.89
197307  18.18  10.28   9.04   6.44   2.25   5.05
197308  -3.84  -5.25  -4.04  -3.23  -2.94  -0.97
197309  10.94   9.79   8.53   2.27   9.08   9.12
197310  -2.40   0.34   0.90  -0.16  -0.24  -0.14
197311 -22.66 -17.87 -16.15 -12.52 -10.17 -10.84
197312  -2.37  -2.16  -1.45  -1.20   5.51   5.91
197401   7.42  10.15  13.80  -1.03  -1.15   4.50
197402   0.17   0.34   1.93  -1.04   1.36   2.13
197403  -0.38  -0.65   0.45  -1.73  -3.49  -2.85
197404  -6.32  -5.74  -3.58  -3.39  -5.91  -4.28
197405  -7.08  -8.03  -6.89  -1.85  -5.14  -6.20
197406  -3.19  -2.78  -1.14  -2.13  -1.76  -2.51
197407  -6.83  -4.31  -3.06  -9.35  -4.39  -2.80
197408  -9.66  -8.02  -7.37 -10.10  -5.73  -7.16
197409 -11.68  -7.09  -7.46 -13.82  -6.04  -7.18
197410  14.44   7.66   8.01  21.26  11.26   7.87
197411  -5.04  -4.27  -5.59  -4.00  -3.47  -3.93
197412  -7.21  -5.40  -7.61  -3.27  -0.11  -2.62
197501  24.69  26.85  30.56  10.62  17.00  21.29
197502   6.59   3.21   3.72   8.19   2.83   2.12
197503   7.73   6.84   8.35   2.94   1.55   7.16
197504   6.49   3.18   3.14   5.76   2.13   6.84
197505  10.35   6.85   6.97   5.65   5.81   0.93
197506   6.95   7.49   6.32   4.31   6.41   7.63
197507  -3.08  -2.38  -2.54  -7.49  -3.96  -4.52
197508  -4.59  -4.20  -6.58  -2.18  -1.66  -2.02
197509  -4.02  -3.47  -3.55  -3.99  -2.76  -3.80
197510   1.23   3.48   1.98   6.54   5.91   6.49
197511   1.22   2.38   3.78   3.01   3.51   4.52
197512  -1.51  -0.70  -0.87  -1.79   0.36   0.96
197601  14.94  18.49  24.85  10.89  14.54  18.23
197602   6.73   7.24  12.13  -1.33   1.84   4.69
197603   1.30   1.49   1.81   2.98   2.90   2.25
197604  -0.98  -0.95  -1.30  -1.63   0.27  -1.62
197605  -0.81  -2.07  -3.48  -0.63  -1.60  -0.54
197606   3.92   3.69   3.85   4.36   5.16   5.89
197607  -1.14   0.70   0.72  -1.23   0.27   0.39
197608  -3.53  -1.36  -1.41  -0.38   1.15  -0.92
197609   3.64   2.58   2.33   2.20   3.20   2.89
197610  -2.78  -1.56  -2.14  -2.36  -1.18  -3.35
197611   3.62   3.31   3.90  -0.72   2.47   2.05
197612   9.55   9.34  10.16   4.74   6.64   8.58
197701   0.80   2.34   3.08  -6.38  -1.63  -0.03
197702  -1.03  -1.09  -0.01  -1.81  -1.50  -1.92
197703   0.26   0.69   0.23  -1.71  -0.57   0.49
197704   1.10   1.27   2.41  -1.12   1.99   4.32
197705  -0.72   0.17   0.62  -1.94  -0.09  -1.66
197706   7.44   6.31   6.86   5.66   3.74   4.99
197707   0.06   0.01   0.45  -1.56  -1.06  -3.15
197708   0.81  -0.82  -1.53   0.24  -3.46  -2.95
197709   1.44   1.80   0.91  -0.71   1.05  -0.69
197710  -3.86  -2.12  -1.87  -4.43  -3.79  -3.19
197711   8.29   7.50   8.01   4.07   3.87   4.81
197712   3.18   1.54   1.58   0.17   0.86   1.18
197801  -4.68  -2.79  -1.10  -6.45  -5.70  -3.26
197802   1.66   2.51   2.48  -2.64   0.35  -1.83
197803   6.43   6.59   7.06   2.24   3.61   3.92
197804   9.91   7.44   7.16  11.09   5.58   6.75
197805   7.06   5.83   5.79   1.91   1.10   2.07
197806  -1.02   1.34   0.39  -1.37  -1.56  -1.58
197807   6.93   4.99   6.01   6.99   4.13   5.92
197808   8.26   8.57   8.48   3.59   4.48   2.04
197809  -1.85  -0.75  -0.64  -2.62   0.93  -0.07
197810 -23.03 -18.44 -18.81  -9.89  -9.14 -11.59
197811   8.74   5.09   4.47   2.89   3.24   2.99
197812   3.06   1.70   1.98   2.81   0.72  -0.38
197901   8.46   7.83   9.52   3.39   5.05   6.71
197902  -3.44  -2.24  -1.94  -3.69  -2.40  -2.86
197903  11.62   8.43   8.53   5.77   5.72   7.50
197904   1.61   2.95   3.31   0.12   0.60   0.65
197905  -2.59  -0.76  -0.43  -1.82  -1.28  -1.33
197906   5.72   5.90   6.05   3.12   5.53   5.63
197907   2.04   3.98   3.18   0.59   1.74   3.02
197908   9.02   7.31   7.32   6.82   5.53   5.35
197909   0.90  -1.15  -1.07  -0.79   0.95  -0.70
197910  -9.31 -10.57 -11.42  -6.74  -6.13  -8.28
197911  10.88   6.90   6.86   6.48   5.67   4.08
197912   8.17   5.19   5.07   3.05   1.11   1.89
198001   7.79   7.71   8.52   4.87   6.45   7.84
198002  -0.37  -2.99  -2.71  -3.06   2.12   0.46
198003 -19.41 -16.18 -17.49  -9.20 -10.73 -13.05
198004   6.25   6.46   6.08   3.91   5.59   6.15
198005   8.04   7.80   8.06   5.77   5.46   6.51
198006   5.24   4.41   4.30   3.08   3.48   2.43
198007  13.17   9.47   7.18   9.39   5.34   2.81
198008   8.36   4.80   3.78   2.10   1.38   1.76
198009   5.26   2.90   1.07   4.08   3.23  -0.95
198010   5.92   2.21   2.80   1.78   2.94  -0.96
198011  12.43   4.44   2.98  11.49  13.45   4.72
198012  -5.25  -1.85  -1.17  -2.14  -4.68  -0.61
198101  -3.77   0.68   2.15  -5.92  -5.39   1.64
198102  -0.81   2.37   2.60   2.89   1.26   1.41
198103   7.83   7.89   7.67   4.02   3.94   5.41
198104   2.42   3.60   3.64  -2.39  -2.43   0.96
198105   4.90   2.67   1.70   0.78  -0.47   3.12
198106  -5.66   0.79   1.39  -3.17   2.11   0.06
198107  -2.67  -2.43  -1.51   1.30  -0.62  -1.08
198108  -9.94  -5.96  -4.81  -6.84  -5.48  -2.54
198109 -10.19  -6.60  -4.96  -6.34  -6.01  -1.35
198110  10.34   6.60   5.80   8.06   3.88   4.43
198111   0.72   5.00   4.55   4.19   5.19   4.17
198112  -2.37  -0.91  -1.45  -3.09  -2.73  -2.44
198201  -4.87  -3.26  -0.84  -1.94  -3.70   0.41
198202  -7.43  -3.14  -0.75  -7.37  -3.45  -1.88
198203  -2.17  -0.46   1.56  -1.89  -0.51   1.89
198204   6.57   5.70   4.02   5.75   3.48   2.15
198205  -3.58  -2.29  -1.49  -3.52  -2.31  -2.05
198206  -3.67  -1.73  -1.30  -2.49  -1.18  -1.75
198207  -2.36  -0.57  -1.02  -0.69  -4.10  -1.89
198208   8.06   8.97   8.06  11.38  13.01  13.57
198209   2.73   4.72   5.08   1.92   1.97   0.04
198210  15.93  13.12  11.79  12.80  11.22   9.69
198211   9.71   8.46   9.22   7.14   2.34   4.02
198212   1.22   1.10   0.65   1.16   1.12   1.61
198301   9.71   5.58   5.06   2.71   3.27   5.92
198302   4.26   6.62   6.98   3.64   2.42   2.25
198303   2.55   6.39   6.19   2.51   4.39   2.98
198304   8.04   7.79   7.42   5.68   9.03   7.17
198305   7.90   5.42   5.11  -0.11   0.08  -0.12
198306   5.73   4.26   2.47   5.27   3.66   0.76
198307  -5.76   0.00   1.23  -5.21  -2.72  -1.12
198308  -4.85  -2.74  -0.33  -1.33   0.94   5.33
198309   0.24   2.53   3.92   2.52   1.54   0.82
198310  -8.94  -4.31  -2.22  -3.58  -0.86  -0.38
198311   4.76   4.28   4.32   2.90   2.49   1.90
198312  -3.17  -0.41   0.28  -0.79  -1.03  -0.74
198401  -4.18  -0.23   2.05  -5.30   0.54   3.44
198402  -6.87  -5.00  -3.49  -4.80  -4.17  -1.35
198403   0.13   1.50   2.34   1.61   1.60   0.45
198404  -1.10   0.04  -0.05   0.41   0.22   1.74
198405  -6.03  -4.80  -4.39  -4.84  -4.62  -5.96
198406   4.70   2.06   1.04   4.40   1.55   2.56
198407  -5.49  -3.02  -3.27  -1.00  -1.73  -2.44
198408  13.44  10.22   9.49  11.13  11.22  11.60
198409  -2.70   1.30   2.27  -2.34  -0.43   3.19
198410  -2.18  -0.28   0.22   0.70   0.89  -0.51
198411  -4.47  -0.36   0.12  -2.23  -1.24   0.92
198412   2.07   1.60   2.48   2.69   2.68   2.23
198501  14.86   9.94   8.92  10.12   8.10   5.67
198502   2.93   2.83   1.29   1.31   1.64   2.23
198503  -3.22  -1.14   1.33  -1.31  -0.68   2.16
198504  -2.03   0.13   1.49  -1.79  -0.79   1.89
198505   4.19   3.97   3.22   6.14   6.99   5.15
198506   1.45   2.51   2.28   1.49   1.89   1.41
198507   2.73   2.47   1.18   0.24  -0.89  -1.46
198508  -2.01   0.05   0.27  -1.56  -0.07   0.84
198509  -7.24  -4.31  -4.25  -3.83  -2.70  -4.39
198510   3.30   3.69   3.38   4.07   5.30   5.52
198511   7.72   6.95   6.27   9.06   6.62   4.70
198512   4.81   4.22   3.15   5.72   3.57   4.47
198601   2.31   1.50   2.50   0.79   0.51   1.54
198602   7.24   7.16   7.06   7.96   8.33   6.88
198603   4.22   5.28   5.32   6.32   5.68   4.44
198604   2.26   1.17   0.48   0.62  -1.75  -3.23
198605   3.25   5.33   3.31   5.40   5.52   5.06
198606   0.05   0.92   1.84   1.91   1.15   2.52
198607 -10.63  -8.74  -5.92  -7.22  -5.16  -2.62
198608   2.22   3.53   4.45   4.59   8.66   9.44
198609  -8.10  -4.68  -4.63 -10.15  -7.33  -7.15
198610   4.31   2.84   1.68   5.66   5.30   5.45
198611   0.04  -0.60   0.54   2.07   2.01   1.53
198612  -3.06  -2.91  -1.91  -2.46  -3.09  -2.90
198701  12.58  10.89   9.20  14.02  13.26  11.04
198702   9.38   6.83   5.09   7.45   3.49   0.02
198703   1.39   2.79   3.74   1.62   2.21   2.58
198704  -2.67  -3.03  -3.61  -1.72  -0.94  -1.50
198705  -0.33  -0.11   0.74   1.34  -0.15   0.71
198706   1.53   3.21   3.80   4.65   5.36   4.63
198707   2.11   3.21   5.74   5.48   3.54   3.73
198708   2.75   3.74   2.83   4.74   4.43   2.71
198709  -2.45  -1.27  -1.37  -1.98  -2.30  -2.55
198710 -32.39 -27.51 -27.88 -23.17 -20.46 -19.32
198711  -6.80  -3.93  -3.50  -8.72  -7.82  -5.74
198712   9.17   6.95   4.53   9.14   6.46   4.94
198801   2.22   4.81   6.19   2.02   5.52   7.92
198802   8.46   7.95   7.29   5.45   4.70   3.57
198803   3.49   3.96   3.20  -3.09  -3.20  -1.08
198804   1.39   1.90   2.30  -0.67   2.07   1.45
198805  -3.05  -1.71  -0.21   0.01   0.58   2.07
198806   7.73   6.82   6.04   4.94   5.65   3.94
198807  -2.30  -0.27   0.22  -1.61  -0.27   0.23
198808  -4.12  -1.77  -1.37  -2.95  -3.08  -1.43
198809   2.63   3.03   2.60   5.11   3.52   3.64
198810  -2.03  -0.14   0.61   1.56   2.66   2.98
198811  -3.79  -2.61  -2.43  -1.96  -1.56  -0.38
198812   4.09   3.89   2.69   2.86   1.55   0.60
198901   4.27   4.36   5.39   6.96   6.57   7.07
198902   0.53   0.83   1.35  -2.49  -1.91  -1.32
198903   2.57   2.85   3.40   2.48   1.73   2.60
198904   4.66   4.50   3.70   6.08   4.72   4.08
198905   4.67   3.53   3.78   4.84   3.45   3.94
198906  -3.05  -0.73  -0.10  -1.01  -0.43   0.47
198907   4.31   4.13   3.34  10.82   7.09   6.20
198908   2.73   2.84   2.62   1.10   2.92   2.46
198909   1.43  -0.07  -0.77   0.48  -0.95   0.15
198910  -5.00  -5.74  -6.40  -1.30  -3.90  -2.23
198911   0.78   0.67  -0.03   2.34   1.75   0.89
198912   0.20  -0.37  -0.30   1.69   2.46   2.49
199001  -9.18  -7.60  -7.77  -7.54  -6.30  -7.29
199002   3.16   2.71   2.18   0.36   2.15   2.63
199003   4.29   3.93   2.22   4.12   1.50   0.39
199004  -2.76  -3.11  -4.38  -0.95  -3.42  -4.49
199005   8.53   6.54   4.26  10.87   8.78   7.37
199006   1.05   0.43  -0.10   1.30  -2.40  -1.56
199007  -4.50  -3.60  -4.26  -1.33  -0.08  -1.70
199008 -14.61 -12.28 -11.25  -9.72  -7.94  -9.97
199009 -10.16  -8.27  -8.42  -5.78  -3.79  -6.35
199010  -5.88  -5.44  -6.12   0.36  -1.99   0.76
199011   8.88   6.56   5.19   7.37   6.90   5.11
199012   4.14   3.59   2.85   3.76   2.54   1.91
199101   9.26   8.16   8.01   6.24   3.31   4.53
199102  11.75  10.35  11.30   7.91   6.37   7.11
199103   7.68   5.32   6.58   4.12   1.20   2.61
199104  -0.67   1.45   1.65  -0.33   0.90   0.34
199105   4.33   4.75   2.75   4.75   2.97   5.29
199106  -5.16  -3.10  -4.19  -4.95  -4.29  -3.76
199107   4.36   3.29   3.03   5.40   4.06   4.12
199108   4.45   3.03   4.33   3.37   1.76   1.92
199109   1.48   0.54  -1.15  -2.18   0.02  -2.01
199110   2.95   2.60   1.78   1.51   1.68   1.81
199111  -4.98  -3.71  -5.52  -2.52  -4.62  -5.52
199112  10.38   6.78   7.37  14.47   7.82   9.02
199201   7.53   7.42  10.67  -2.31  -1.42   3.90
199202   0.71   2.76   7.13   0.34   0.84   6.93
199203  -6.09  -1.30  -0.73  -2.78  -1.26  -1.17
199204  -5.60  -2.44  -0.98   0.15   4.95   4.23
199205  -0.78   1.02   2.36   0.93   0.45   0.00
199206  -6.03  -3.27  -2.79  -2.46  -1.10   0.78
199207   2.67   3.28   3.77   4.32   4.54   2.21
199208  -4.22  -1.52  -2.69  -1.13  -2.15  -4.84
199209   1.35   2.50   1.56   1.70   0.95   1.10
199210   4.49   2.43   1.94   2.41  -0.87   1.00
199211   9.75   6.42   6.66   4.56   2.62   4.61
199212   2.55   3.67   5.03   0.71   2.09   3.51
199301   1.10   4.19   6.32  -1.09   1.54   5.49
199302  -6.50  -0.09   1.08  -2.33   3.93   3.05
199303   2.10   2.85   3.59   1.77   3.13   2.79
199304  -3.64  -2.60  -2.51  -5.04  -0.78  -1.08
199305   6.78   3.34   3.15   4.00   2.37   0.71
199306   0.56   0.72   1.34  -1.03   1.09   3.48
199307  -0.38   1.54   2.15  -1.99   1.23   1.21
199308   3.75   4.75   3.52   3.52   4.06   4.11
199309   3.31   2.33   2.61  -0.90   0.56  -0.67
199310   3.98   1.65   2.61   3.26  -0.04  -0.94
199311  -3.14  -2.84  -2.49   0.10  -2.64  -2.11
199312   2.70   4.06   2.41   1.45   1.92   2.24
199401   1.89   2.96   4.82   2.43   4.54   1.69
199402  -0.92   0.91  -1.09  -1.77  -2.97  -4.64
199403  -6.24  -4.77  -4.25  -4.70  -3.99  -3.35
199404  -0.92   0.75   1.36   0.59   1.74   1.63
199405  -2.53  -1.09   0.20   1.42   1.56  -0.11
199406  -4.80  -2.39  -1.75  -3.13  -1.90  -2.63
199407   1.53   1.15   2.18   2.91   3.90   3.49
199408   7.55   4.86   3.94   5.20   2.95   3.70
199409   0.54  -0.27  -0.01  -1.40  -3.00  -4.47
199410   0.53  -0.04  -1.52   2.01   2.72   0.73
199411  -3.95  -3.23  -3.62  -3.21  -3.45  -4.98
199412   0.76   1.54   1.55   1.54   1.25   0.57
199501  -1.26  -0.35   0.91   2.18   2.47   5.17
199502   3.65   3.39   4.21   3.90   3.85   5.32
199503   2.96   1.74   1.28   3.00   3.16   0.42
199504   1.05   2.84   3.30   2.37   2.89   3.47
199505   0.81   1.52   2.96   3.27   3.94   5.67
199506   7.69   4.54   4.31   3.44   1.85   1.74
199507   8.04   4.76   4.87   3.77   3.84   3.78
199508   2.12   2.65   3.88   0.08   0.94   3.68
199509   2.48   2.03   1.69   4.53   3.05   5.11
199510  -5.53  -5.25  -3.79   0.37  -1.16  -2.36
199511   3.83   3.36   3.64   4.17   4.61   5.40
199512   2.16   2.19   2.27   0.90   2.47   1.27
199601  -0.05   0.26   0.67   3.10   2.97   3.30
199602   4.85   2.35   2.78   1.64   1.38   1.60
199603   2.38   2.59   2.63   0.37   1.97   0.96
199604   8.51   5.18   4.57   2.45   1.74  -1.54
199605   6.09   4.63   5.35   3.39   0.74   2.32
199606  -6.39  -2.94  -2.35   0.15  -0.60   0.77
199607 -13.75  -6.85  -5.43  -5.69  -3.83  -3.63
199608   7.07   4.99   4.47   2.15   3.90   3.12
199609   5.33   2.40   3.29   6.69   4.15   3.24
199610  -5.25  -0.26   1.01   0.72   3.72   4.23
199611   1.70   4.45   3.93   7.15   7.33   7.72
199612   0.65   2.56   2.26  -1.68  -1.48  -0.72
199701   4.17   3.19   2.85   6.42   4.74   4.86
199702  -6.32  -0.72   1.23   0.01  -0.03   3.69
199703  -8.45  -3.81  -1.81  -5.37  -2.47  -5.23
199704  -3.11   0.59  -0.47   6.49   3.91   3.84
199705  15.38  10.17   8.36   6.91   5.92   5.71
199706   3.41   5.56   6.85   4.40   3.95   3.85
199707   5.19   5.14   5.50   7.76   8.55   7.71
199708   3.90   3.41   2.90  -5.45  -3.62  -2.18
199709   8.81   7.82   8.18   5.02   6.02   6.15
199710  -6.63  -3.55  -1.87  -3.26  -3.32  -3.35
199711  -3.31  -1.07   0.46   5.06   2.62   3.72
199712  -2.28   0.81   2.36   1.36   2.79   4.19
199801  -0.65  -1.15  -1.13   2.45  -1.93  -0.43
199802   8.53   7.24   6.79   7.02   8.25   6.89
199803   4.15   4.92   4.59   4.86   5.17   7.19
199804   0.76   1.42   2.22   0.91   1.80   1.51
199805  -7.61  -5.20  -2.44  -2.14  -2.41  -0.50
199806   0.62  -0.45  -0.15   5.56   1.70   2.27
199807  -7.67  -7.16  -7.38  -0.82  -2.15  -4.77
199808 -24.13 -18.27 -18.60 -13.67 -18.84 -12.07
199809   9.25   5.14   3.62   7.88   3.72   6.48
199810   4.47   3.65   3.22   8.02   7.67   4.61
199811   9.04   5.82   5.51   6.99   5.55   4.04
199812   6.78   3.61   2.72   8.22   2.48   3.78
199901   3.58   2.15   1.05   4.96   1.22  -1.41
199902  -8.87  -7.28  -8.38  -4.51  -0.86  -1.10
199903  -0.39   0.89  -2.70   4.01   4.23   1.11
199904   9.07  10.92   9.05   2.27   7.99   7.10
199905   1.59   1.22   3.69  -2.56  -1.22   0.32
199906   6.54   6.31   6.33   6.51   2.72   0.27
199907  -0.94  -0.53  -1.12  -3.03  -3.79  -3.22
199908  -2.64  -2.99  -3.48   0.05  -3.33  -2.97
199909   0.83  -0.24  -2.81  -1.87  -5.67  -4.04
199910   0.74  -0.57  -2.76   6.58   7.32   4.32
199911  13.33   6.28   4.37   4.19  -2.67   1.85
199912  17.95   8.77   6.63   8.20   1.26   4.22
200001   1.40  -0.89   0.30  -4.73  -4.08  -5.88
200002  28.95  15.30  13.00   1.24  -5.41  -2.34
200003 -13.73  -4.56  -1.25   8.66  10.86  13.18
200004 -14.98  -5.79  -4.11  -4.19  -0.55  -2.15
200005  -7.39  -5.50  -5.08  -3.50   0.41   3.37
200006  17.65   9.29   8.63   4.69  -4.86  -2.37
200007  -6.80   1.20   1.84  -2.94   3.15   4.54
200008   8.79   5.32   6.56   7.51   7.68   6.99
200009  -7.39  -0.64  -0.47  -5.94   1.05   1.61
200010  -8.16  -1.43  -1.61  -1.95  -0.34   2.65
200011 -16.50  -4.30  -2.84 -10.57  -4.06   0.25
200012   2.60   8.49   8.59  -0.32   8.74   8.78
200101  12.58   5.13   6.82   3.67   2.32  -0.68
200102 -12.37  -0.60  -0.13 -11.11  -1.17   1.11
200103  -7.66  -1.08  -1.53  -8.07  -1.71  -1.26
200104  10.07   5.24   5.00   8.92   5.19   4.71
200105   3.88   4.42   6.38   0.38   2.21   4.64
200106   6.60   4.82   3.12  -2.14  -1.17  -1.19
200107  -9.63  -4.45  -1.16  -1.67  -1.16  -0.25
200108  -7.62  -2.52  -1.38  -6.83  -3.90  -7.35
200109 -17.20 -13.38 -14.11  -8.13  -9.70  -8.18
200110  10.95   5.48   4.80   3.26   0.71  -5.20
200111   8.92   7.18   8.91   7.90   6.57  12.25
200112   6.72   6.78   6.76   0.75   2.96   2.38
200201  -5.12   0.26   3.26  -1.00  -1.57  -2.54
200202  -8.16  -1.29  -0.99  -2.48   0.25  -4.97
200203   8.87   7.62   9.73   3.59   5.47   4.89
200204  -4.08   2.38   4.14  -7.05  -0.70  -7.25
200205  -6.68  -3.60  -2.69  -1.35   0.48  -2.30
200206  -7.14  -3.32  -2.36  -7.44  -6.14 -11.48
200207 -15.10 -14.37 -15.03  -6.52  -8.64 -13.59
200208  -0.19   0.35  -0.58  -0.10   1.77   6.31
200209  -8.20  -7.36  -7.19 -10.69 -10.16  -9.18
200210   6.40   4.65   0.69   9.73   4.30   7.92
200211  12.94   8.61   7.77   5.40   5.87   8.26
200212  -8.54  -4.77  -3.69  -6.13  -3.99  -6.77
200301  -2.39  -2.56  -1.25  -2.79  -1.91  -5.52
200302  -3.85  -1.86  -3.68  -1.45  -2.28  -4.34
200303   2.25   0.45   1.14   1.60   0.25  -1.53
200304  10.97   9.47   9.64   7.68   8.67  11.45
200305  12.80  10.92  10.81   4.99   7.34   8.38
200306   2.72   2.26   3.53   1.33   1.29   0.79
200307   8.36   5.73   6.20   1.86   2.68   0.95
200308   4.71   4.49   5.90   2.06   1.56   4.14
200309  -1.57  -1.97   0.95  -1.19  -0.50  -3.42
200310   8.21   7.89  10.82   5.13   7.07   6.95
200311   2.96   3.65   4.61   0.83   1.60   2.63
200312   1.04   2.67   3.00   4.64   4.44   5.69
200401   3.94   3.49   7.15   1.46   2.39   3.10
200402   0.35   0.95   0.31   1.02   2.34   2.96
200403   1.31   0.45   0.38  -1.83  -0.78  -0.45
200404  -3.22  -3.23  -6.19  -0.15  -3.66  -3.64
200405   0.95   1.22   0.69   1.21   1.23   1.12
200406   3.14   4.93   4.42   1.53   1.54   2.67
200407  -9.44  -5.55  -5.16  -4.34  -2.36  -2.18
200408  -2.42  -0.15  -0.68  -0.27   1.44   0.16
200409   5.58   5.07   3.69   0.90   1.75   2.68
200410   2.72   1.55   1.17   1.55   0.94   2.57
200411   8.34   8.70   8.81   3.62   4.73   6.30
200412   4.38   2.61   3.67   3.52   3.47   3.77
200501  -5.30  -3.21  -2.56  -3.03  -1.40  -1.66
200502   0.74   2.10   2.59   2.09   1.98   3.07
200503  -4.15  -2.35  -1.51  -1.29  -2.68   0.20
200504  -6.36  -5.93  -5.78  -1.71  -2.38  -2.19
200505   7.42   6.30   5.77   3.65   3.13   4.13
200506   2.85   4.04   4.70  -0.81   1.75   2.95
200507   6.91   6.86   5.96   4.57   2.61   3.96
200508  -2.24  -1.20  -1.24  -1.17  -0.82   0.51
200509   0.35   0.96   0.26   0.33   1.10   1.98
200510  -4.06  -2.70  -2.25  -1.15  -1.87  -2.10
200511   5.09   4.71   3.99   4.07   3.78   2.81
200512   0.12  -0.39  -0.32  -0.67   1.32   0.08
200601   8.67   9.16   8.17   1.77   3.59   4.26
200602  -0.57  -0.03  -0.60  -0.13   0.88  -0.73
200603   3.98   5.26   5.24   1.61   1.13   1.57
200604  -0.53   1.00   0.83   0.00   2.25   3.17
200605  -7.61  -4.62  -4.12  -2.89  -2.82  -1.63
200606  -0.80   0.55  -0.04  -0.17   0.15   0.78
200607  -5.89  -2.76  -2.10  -0.72   1.09   0.73
200608   3.44   2.52   2.49   3.22   1.99   0.26
200609   0.86   0.91   1.31   2.48   2.32   2.16
200610   6.13   5.19   4.61   3.38   2.98   4.24
200611   2.58   2.72   2.62   1.89   2.21   1.93
200612  -0.62   0.72   1.97   0.35   1.95   3.24
200701   2.52   0.83   1.87   1.92   1.84   1.21
200702  -0.10  -0.10  -0.97  -1.99  -1.58  -1.28
200703   1.67   1.39   0.27   0.80   1.82   0.44
200704   2.81   2.05   0.91   4.87   3.65   3.88
200705   4.39   3.65   3.09   3.22   4.07   3.35
200706  -0.58  -1.09  -1.67  -1.11  -2.28  -2.12
200707  -4.82  -5.81  -8.19  -1.36  -4.12  -5.36
200708   1.50   2.45  -0.68   1.60   1.98   0.03
200709   2.59   0.90   0.10   4.98   2.25   3.12
200710   3.74   1.74   0.21   2.98   1.37   0.78
200711  -7.36  -6.30  -7.88  -3.01  -5.43  -4.67
200712   0.18  -0.60  -0.94  -0.43  -0.94  -0.32
200801  -8.60  -6.47  -3.93  -7.20  -4.87  -3.86
200802  -4.55  -2.72  -3.97  -2.04  -3.70  -4.05
200803  -2.12   1.21   0.15   0.63  -2.50  -1.03
200804   4.85   3.46   1.50   3.72   5.99   5.15
200805   5.67   5.21   3.06   2.37   0.68   1.97
200806  -7.35  -7.31  -8.81  -6.90  -9.55 -10.47
200807   2.34   3.08   5.03  -1.01  -3.03   6.70
200808   3.02   3.92   6.79   1.46   1.33   0.74
200809 -11.03  -7.20  -7.18  -9.81 -10.06  -2.33
200810 -22.18 -19.06 -20.06 -15.53 -17.41 -21.42
200811 -11.58 -11.32 -14.38  -6.16  -6.29 -15.78
200812   5.04   4.42   5.43   1.74   1.13   1.46
200901  -7.69  -9.97 -15.88  -5.23  -9.36 -19.07
200902  -9.85 -11.41 -14.83  -8.21 -11.86 -16.43
200903   9.19  10.37  10.88   8.36   8.77  13.62
200904  16.25  16.66  18.41   7.91  10.68  16.52
200905   3.87   3.05   2.76   4.53   5.92   6.46
200906   5.49   1.81   0.61   0.86  -0.91   0.22
200907   6.74  10.30  13.29   6.74   8.36   9.98
200908   0.90   3.02   8.10   1.75   3.87   9.76
200909   6.21   5.87   7.58   3.37   4.70   4.30
200910  -7.08  -6.21  -9.30  -0.46  -2.79  -6.58
200911   2.07   1.98   3.99   6.66   4.78   4.09
200912   8.35   8.00   8.41   1.94   3.15   1.66
201001  -3.56  -3.04  -2.72  -4.19  -2.03  -4.38
201002   3.45   4.06   7.45   3.04   2.98   5.41
201003   6.96   8.13   8.94   5.25   6.76   7.64
201004   3.79   6.26   9.26   0.80   2.74   1.25
201005  -5.96  -7.08 -10.38  -7.40  -8.48  -7.94
201006  -5.63  -7.47 -10.93  -4.42  -5.67  -8.57
201007   6.78   6.57   7.12   6.71   7.71   5.38
201008  -7.06  -7.60  -8.57  -4.13  -3.99  -6.08
201009  14.01  12.74  10.92  10.05   9.07   7.08
201010   4.69   4.14   3.62   4.55   3.96   0.70
201011   3.51   4.06   3.25   0.47   0.41  -1.06
201012   7.11   8.30   9.33   4.97   7.74   9.87
201101  -0.32   0.13   0.41   2.02   2.55   2.52
201102   5.27   5.33   5.50   2.54   4.40   4.67
201103   3.34   2.75   1.41   0.18   1.43  -1.57
201104   3.45   2.03   1.03   3.78   2.66   1.32
201105  -1.69  -2.04  -3.20  -0.58  -1.38  -2.77
201106  -1.93  -2.07  -1.87  -1.45  -1.69  -1.91
201107  -4.44  -3.95  -3.02  -0.81  -3.04  -4.04
201108  -9.16  -8.91  -9.61  -3.95  -6.49  -8.35
201109 -11.04 -11.58 -10.29  -6.32  -7.08 -10.14
201110  15.40  15.50  12.70   9.77  12.10  12.60
201111  -1.78  -0.33  -0.21  -0.01   0.86  -2.63
201112  -0.48   0.74   1.19  -0.07   1.84   1.35
201201   8.19   6.84   5.78   5.43   3.37   5.98
201202   3.44   2.41   2.88   4.59   3.67   6.00
201203   2.34   2.83   3.16   3.70   1.27   5.27
201204  -1.35  -2.08  -0.81  -0.46  -0.13  -2.55
201205  -6.55  -6.48  -5.99  -5.46  -5.99  -7.92
201206   5.75   4.30   4.72   2.98   4.53   5.10
201207  -3.28  -0.98  -1.72   1.27   1.43  -0.41
201208   3.32   3.22   3.69   2.38   1.89   4.46
201209   3.17   3.47   4.08   1.93   3.19   4.25
201210  -3.87  -1.37  -0.83  -2.48  -1.83   1.53
201211   1.11   1.06   0.80   1.11   0.37  -0.31
201212   2.65   3.48   4.47  -0.17   1.28   4.98
201301   6.78   6.25   5.86   4.52   6.05   7.47
201302   0.95   0.86   1.36   1.34   1.39   1.35
201303   5.20   4.61   4.51   3.78   4.03   4.03
201304  -0.72  -1.01  -0.10   1.84   1.34   2.09
201305   4.99   5.25   5.34   1.97   1.57   6.95
201306  -0.22   0.34  -0.17  -1.73  -0.38  -1.87
201307   7.34   7.06   7.87   5.60   4.99   6.24
201308  -1.00  -3.48  -3.83  -1.76  -3.10  -4.39
201309   6.32   6.41   5.61   4.05   3.20   2.40
201310   1.09   3.03   3.95   4.18   4.81   3.76
201311   5.33   3.98   4.47   3.35   1.90   4.59
201312   1.82   2.86   1.89   2.14   3.67   2.08
201401  -0.25  -3.84  -3.68  -3.28  -3.43  -3.83
201402   4.04   4.86   5.18   5.05   4.74   3.22
201403  -3.45   1.11   1.33  -0.59   0.75   4.42
201404  -6.39  -3.18  -2.68   0.39   0.78  -0.89
201405  -0.73   1.07   0.08   2.44   2.09   1.42
201406   7.19   5.01   4.44   1.68   2.79   3.02
201407  -6.25  -6.31  -5.42  -1.42  -1.60  -2.43
201408   4.99   4.10   4.47   4.81   3.34   4.18
201409  -4.44  -5.26  -6.46  -0.94  -2.57  -1.86
201410   7.13   5.80   5.23   2.80   1.76   1.44
201411   1.79  -0.21  -1.05   3.70   2.72   0.28
201412   2.06   2.77   3.24  -1.34   0.11   1.72
201501  -2.82  -4.91  -5.12  -1.60  -3.28  -6.21
201502   7.69   6.93   5.08   6.46   5.93   5.49
201503   2.04   1.84   1.19  -1.35  -1.48  -1.26
201504  -3.19  -2.06  -0.71   0.36   1.15   1.48
201505   2.82   2.74   0.94   1.21   1.56   0.87
201506   2.72   0.30   0.59  -1.84  -1.99  -1.36
201507  -0.21  -2.38  -5.65   2.95   1.24   0.08
201508  -9.24  -4.75  -3.31  -6.17  -5.64  -6.60
201509  -7.79  -4.67  -4.70  -2.23  -2.82  -4.22
201510   5.00   6.43   5.71   8.05   8.40   6.40
201511   5.67   3.37   3.64   0.50  -0.23   1.67
201512  -3.88  -4.89  -6.79  -1.32  -2.29  -3.55
201601 -14.07  -7.63  -6.94  -5.15  -5.17  -8.12
201602  -0.67   0.91   0.37   0.04   0.59  -2.22
201603   7.55   7.89   8.41   6.59   6.81   8.18
201604   2.76   1.13   3.84  -0.61   1.30   4.74
201605   2.29   1.25   0.53   2.14   1.79   0.67
201606   0.29  -0.46  -0.05   0.02   0.57  -2.61
201607   6.98   5.58   5.71   4.94   2.26   3.72
201608   1.29   2.65   3.26  -0.51   0.33   3.87
201609   3.20   1.32   1.70   0.46  -0.06  -0.41
201610  -8.14  -5.14  -3.02  -1.99  -2.27   1.12
201611   8.95  12.46  14.93   1.91   5.11  12.51
201612  -0.38   2.91   4.46   1.37   1.75   3.46
201701   1.96  -0.16  -0.69   3.27   0.94   0.40
201702   3.02   1.15   0.29   4.30   2.57   4.03
201703   2.27   0.09  -0.69   1.13  -0.28  -2.57
201704   1.80   1.40   0.64   2.07   0.67  -0.87
201705  -0.86  -1.63  -3.80   2.91   0.13  -1.78
201706   4.77   3.14   3.39  -0.12   0.53   4.26
201707   0.76   0.51   0.61   2.45   1.66   2.13
201708  -0.61  -2.03  -2.39   1.28  -0.11  -1.19
201709   5.39   8.33   8.33   1.36   2.63   4.71
201710   0.42   0.32   0.96   3.12   1.53   2.85
201711   2.69   2.71   2.61   3.33   3.26   3.22
201712   0.87  -0.76  -0.01   0.98   1.14   1.94
201801   3.10   3.00   1.73   6.49   5.60   5.23
201802  -3.04  -3.76  -3.77  -2.58  -4.75  -4.04
201803   1.39   0.98   1.91  -2.37  -2.20  -3.31
201804   1.15   1.09   2.33   0.64   0.14   0.51
201805   7.90   7.49   5.72   3.79   1.89  -0.31
201806   2.86   0.22   0.59   1.09   0.54  -1.29
201807   1.39   2.18   1.09   3.35   3.36   4.63
201808   5.60   3.36   2.34   5.36   1.71   0.81
201809  -1.87  -2.69  -2.81   0.59   0.64  -1.73
201810 -13.24 -11.40  -9.15  -8.17  -6.00  -5.51
201811   0.92   2.17   0.88   1.49   2.42   2.25
201812 -11.96 -11.92 -12.60  -8.39  -9.56 -11.59
201901  12.66  10.36  10.94   8.19   8.38   9.12
201902   6.40   5.04   3.62   3.75   3.96   1.21
201903  -0.66  -2.83  -4.25   2.78   0.47  -1.91
201904   2.31   4.06   3.25   4.01   3.47   7.34
201905  -6.96  -8.31  -9.90  -6.34  -6.73  -8.31
201906   8.12   7.78   6.41   7.02   7.04   7.45
201907  -0.79   0.66  -0.57   1.81   0.77   2.60
201908  -4.19  -5.81  -8.10  -1.01  -3.29  -6.62
201909  -2.49   3.88   5.58   0.32   3.80   5.76
201910   4.39   2.52   0.66   2.61   1.65   2.51
201911   6.06   3.26   3.45   4.38   3.21   3.00
201912   2.75   4.33   4.80   2.76   2.68   4.16
202001  -1.85  -4.17  -8.16   1.68  -2.09  -4.45
202002  -6.15  -8.73  -9.96  -7.06 -10.13 -10.89
202003 -18.50 -21.46 -27.86  -8.97 -17.50 -27.27
202004  17.97  13.11  15.60  14.33  10.84  14.01
202005  11.29   4.82   4.04   6.06   3.57   3.31
202006   5.42   2.43   3.54   3.54  -1.22   1.07
202007   1.78   2.87   2.52   7.26   3.32   3.64
202008   7.27   4.58   5.38   9.45   3.07   5.30
202009  -0.48  -4.47  -5.81  -4.16  -2.51  -4.27
202010   0.61   2.52   6.20  -2.87  -0.84   0.03
202011  23.15  17.70  19.64  10.48  14.39  18.17
202012  12.92   8.08   8.41   4.45   4.31   5.61
202101   5.49   5.04  10.52  -0.59  -0.59   0.82
202102   5.67   9.48   9.35   0.37   6.98  11.09
202103  -2.61   3.03   7.20   2.32   5.08   7.22
202104   2.61   1.51   1.21   6.10   3.34   5.45
202105  -1.57   1.49   6.05  -0.98   2.09   5.48
202106   5.59   0.43  -1.36   4.82  -1.30  -3.96
202107  -5.58  -1.85  -3.64   3.11   0.03  -2.42
202108   2.64   1.54   2.81   3.57   1.44   2.94
202109  -4.46  -3.42   0.37  -5.45  -3.99  -0.06
202110   3.17   3.84   3.77   8.02   3.22   6.34
202111  -7.08  -1.36  -3.67  -0.32  -3.40  -4.47
202112   0.02   4.12   4.47   2.60   6.23   4.66
202201 -13.30  -9.05  -0.99  -7.96  -3.05   5.45
202202  -0.01   1.21   2.14  -3.55   0.01   0.41
202203   2.04   1.01   0.55   4.33   1.90   2.02
202204 -13.49  -8.44  -5.59 -10.60  -6.73  -6.14
202205  -4.34   1.70   4.08  -2.62   3.76   5.83
202206  -4.37  -6.71 -11.20  -7.25  -8.83 -12.42
202207  13.51  10.73   8.74  11.43   5.14   7.90
202208   0.41  -2.23  -2.34  -4.72  -2.04  -1.62
202209  -9.37  -9.91  -9.82  -9.15  -9.05  -8.63
202210   7.16  10.17  13.80   5.50  10.81  14.80
202211  -0.65   2.80   2.59   5.13   5.46   4.85
202212  -5.97  -6.85  -5.54  -7.16  -3.98  -4.92
202301  13.86  11.22   8.19   7.50   5.45   5.30
202302  -2.50  -1.35  -1.76  -1.39  -3.64  -3.74
202303  -3.56  -3.37  -9.40   6.73  -1.09  -5.54
202304  -1.30  -2.22  -2.64   1.04   0.76   2.14
202305   0.90   1.25  -4.35   3.97  -4.61  -6.36
202306   7.52   8.00   8.22   7.14   5.93   6.20
202307   5.13   6.35   9.18   2.91   4.61   6.99
202308  -7.76  -5.47  -5.42  -0.88  -2.82  -5.52
202309  -6.76  -5.86  -6.09  -5.40  -2.72  -3.08
202310  -9.12  -6.01  -6.20  -1.81  -3.61  -4.33
202311   9.77   8.94  10.42   9.55   7.63  12.24
202312  12.28  11.95  15.31   4.25   5.39  11.00
202401  -4.11  -4.23  -5.14   1.74   1.97  -2.00
202402   6.52   5.13   2.39   5.54   6.41   2.81
202403   1.08   2.91   3.68   2.35   4.74   8.08
202404  -8.01  -6.83  -6.33  -3.29  -4.89  -5.88
202405   5.65   4.81   4.30   5.60   3.17   4.33
202406  -0.69  -2.64  -1.72   5.14  -0.65  -0.54
202407   8.58   9.86  13.06  -0.27   4.84   6.49
202408   0.15  -2.22  -2.21   2.37   1.28   2.54
202409   1.66   0.97  -0.11   2.85   0.95  -0.91
202410  -0.10  -1.54  -1.15  -0.86  -0.86   1.91
202411  14.38  10.83  11.01   6.45   6.26  10.12
202412  -6.96  -8.55  -7.15  -0.79  -7.14  -6.59
202501   1.87   2.98   1.87   2.65   4.06   5.91
202502  -7.57  -7.12  -3.44  -3.12  -0.19   2.56
202503  -7.87  -7.14  -6.39  -7.43  -2.59  -3.11
202504  -1.16  -2.45  -4.48   0.83  -4.49  -2.66
202505   6.33   4.36   5.47   7.78   3.40   2.87
202506   6.48   5.64   4.78   5.60   4.71   4.10
202507   1.78   1.38   2.12   2.97   1.42   0.09
202508   5.84   7.56   9.24   1.46   2.68   6.88